132.000000,170.000000,0.500000

132.138250,170.224730,0.500000

132.250550,170.478365,0.500000

132.332450,170.757860,0.500000

132.379800,171.059550,0.500000

132.388800,171.379165,0.500000

132.356250,171.711930,0.500000

132.279600,172.052550,0.500000

132.156830,172.395400,0.500000

131.986700,172.734480,0.500000

131.768750,173.063570,0.500000

131.503250,173.376310,0.500000

131.191250,173.666320,0.500000

130.834780,173.927260,0.500000

130.436500,174.152950,0.500000

130.000000,174.337500,0.500000

129.529600,174.475340,0.500000

129.030450,174.561430,0.500000

128.508250,174.591230,0.500000

127.969350,174.560885,0.500000

127.420850,174.467250,0.500000

126.870050,174.308015,0.500000

126.324800,174.081725,0.500000

125.793180,173.787840,0.500000

125.283450,173.426790,0.500000

124.803835,173.000000,0.500000

124.362670,172.509900,0.500000

123.967925,171.959950,0.500000

123.627380,171.354550,0.500000

123.348300,170.699125,0.500000

123.137500,170.000000,0.500000

123.001050,169.264390,0.500000

122.944275,168.500275,0.500000

122.971680,167.716370,0.500000

123.086730,166.922030,0.500000

123.291900,166.127090,0.500000

123.588530,165.341810,0.500000

123.976800,164.576700,0.500000

124.455700,163.842440,0.500000

125.022920,163.149660,0.500000

125.675000,162.508900,0.500000

126.407150,161.930360,0.500000

127.213400,161.423860,0.500000

128.086670,160.998600,0.500000

129.018615,160.663100,0.500000

129.999970,160.425000,0.500000

131.020450,160.290985,0.500000

132.068850,160.266615,0.500000

133.133425,160.356275,0.500000

134.201550,160.563065,0.500000

135.260375,160.888670,0.500000

136.296630,161.333390,0.500000

137.296850,161.895980,0.500000

138.247620,162.573730,0.500000

139.135800,163.362400,0.500000

139.948425,164.256210,0.500000

140.673220,165.247910,0.500000

141.298525,166.328825,0.500000

141.813570,167.488890,0.500000

142.208600,168.716765,0.500000

142.475000,169.999940,0.500000

142.605600,171.324850,0.500000

142.594480,172.676970,0.500000

142.437470,174.041100,0.500000

142.131900,175.401400,0.500000

141.676950,176.741610,0.500000

141.073450,178.045250,0.500000

140.324200,179.295835,0.500000

139.433700,180.477050,0.500000

138.408325,181.572935,0.500000

137.256315,182.568150,0.500000

135.987580,183.448120,0.500000

134.613700,184.199250,0.500000

133.147900,184.809150,0.500000

131.604675,185.266725,0.500000

130.000100,185.562500,0.500000

128.351165,185.688600,0.500000

126.675935,185.638975,0.500000

124.993250,185.409530,0.500000

123.322480,184.998170,0.500000

121.683400,184.404940,0.500000

120.095900,183.631990,0.500000

118.579680,182.683685,0.500000

117.154175,181.566550,0.500000

115.838200,180.289250,0.500000

114.649720,178.862565,0.500000

113.605680,177.299285,0.500000

112.721680,175.614120,0.500000

112.011870,173.823550,0.500000

111.488650,171.945665,0.500000

111.162500,170.000030,0.500000

111.041930,168.007460,0.500000

111.133150,165.989750,0.500000

111.440125,163.969550,0.500000

111.964325,161.970000,0.500000

112.704750,160.014585,0.500000

113.657865,158.126740,0.500000

114.817565,156.329650,0.500000

116.175230,154.646000,0.500000

117.719725,153.097600,0.500000

119.437530,151.705200,0.500000

121.312800,150.488175,0.500000

123.327600,149.464300,0.500000

125.461850,148.649475,0.500000

127.693815,148.057525,0.500000

130.000050,147.700000,0.500000

132.355900,147.585970,0.500000

134.735475,147.721900,0.500000

137.112120,148.111465,0.500000

139.458770,148.755540,0.500000

141.748050,149.652070,0.500000

143.952665,150.796035,0.500000

146.045870,152.179475,0.500000

148.001550,153.791535,0.500000

149.794750,155.618500,0.500000

151.401735,157.643900,0.500000

152.800650,159.848700,0.500000

153.971450,162.211410,0.500000

154.896350,164.708330,0.500000

155.560050,167.313750,0.500000

155.950000,170.000230,0.500000

156.056450,172.738890,0.500000

155.872770,175.499700,0.500000

155.395500,178.251785,0.500000

154.624500,180.963835,0.500000

153.562950,183.604415,0.500000

152.217470,186.142300,0.500000

150.597900,188.546875,0.500000

148.717600,190.788465,0.500000

146.592900,192.838760,0.500000

144.243450,194.671080,0.500000

141.691650,196.260775,0.500000

138.962675,197.585510,0.500000

136.084165,198.625580,0.500000

133.085875,199.364135,0.500000

129.999575,199.787500,0.500000

126.858500,199.885350,0.500000

123.697050,199.650820,0.500000

120.550600,199.080800,0.500000

117.454775,198.175825,0.500000

114.445400,196.940350,0.500000

111.557800,195.382600,0.500000

108.826630,193.514600,0.500000

106.285250,191.352110,0.500000

103.965500,188.914475,0.500000

101.897185,186.224500,0.500000

100.107790,183.308210,0.500000

98.622070,180.194650,0.500000

97.461790,176.915560,0.500000

96.645325,173.505065,0.500000

96.187500,169.999330,0.500000

96.099300,166.436200,0.500000

96.387725,162.854765,0.500000

97.055600,159.295000,0.500000

98.101550,155.797150,0.500000

99.519835,152.401500,0.500000

101.300490,149.147800,0.500000

103.429275,146.074770,0.500000

105.887770,143.219740,0.500000

108.653600,140.618165,0.500000

111.700500,138.303175,0.500000

114.998720,136.305160,0.500000

118.515150,134.651430,0.500000

122.213685,133.365815,0.500000

126.055800,132.468340,0.500000

130.000500,131.974990,0.500000

134.005220,131.897430,0.500000

138.026000,132.242765,0.500000

142.018065,133.013535,0.500000

145.936300,134.207460,0.500000

149.735750,135.817450,0.500000

153.372130,137.831665,0.500000

156.802300,140.233565,0.500000

159.984850,143.001940,0.500000

162.880650,146.111175,0.500000

165.453050,149.531500,0.500000

167.668650,153.229125,0.500000

169.497450,157.166750,0.500000

170.913500,161.303770,0.500000

171.895080,165.596830,0.500000

172.425000,170.000170,0.500000

172.666450,172.236250,0.500000

172.790100,174.497650,0.500000

172.794050,176.778170,0.500000

172.676500,179.071470,0.500000

172.436280,181.371100,0.500000

172.072265,183.670470,0.500000

171.583850,185.962950,0.500000

170.970825,188.241835,0.500000

170.233215,190.500335,0.500000

169.371450,192.731660,0.500000

168.386385,194.929015,0.500000

167.279175,197.085585,0.500000

166.051450,199.194625,0.500000

164.705080,201.249420,0.500000

163.242400,203.243315,0.500000

161.666100,205.169785,0.500000

159.979220,207.022385,0.500000

158.185180,208.794830,0.500000

156.287720,210.480950,0.500000

154.290950,212.074815,0.500000

152.199370,213.570620,0.500000

150.017730,214.962800,0.500000

147.751150,216.246035,0.500000

145.405100,217.415220,0.500000

142.985250,218.465590,0.500000

140.497620,219.392600,0.500000

137.948515,220.192015,0.500000

135.344450,220.860000,0.500000

132.692200,221.392885,0.500000

129.998780,221.787500,0.500000

127.271350,222.041015,0.500000

124.517400,222.150950,0.500000

121.744400,222.115175,0.500000

118.960085,221.932000,0.500000

116.172300,221.600200,0.500000

113.388915,221.118850,0.500000

110.618050,220.487500,0.500000

107.867675,219.706150,0.500000

105.145980,218.775190,0.500000

102.461060,217.695525,0.500000

99.821030,216.468415,0.500000

97.233965,215.095610,0.500000

94.707885,213.579270,0.500000

92.250730,211.922050,0.500000

89.870350,210.126970,0.500000

87.574415,208.197550,0.500000

85.370485,206.137700,0.500000

83.265930,203.951765,0.500000

81.267900,201.644500,0.500000

79.383350,199.221070,0.500000

77.618950,196.687010,0.500000

75.981140,194.048280,0.500000

74.476030,191.311190,0.500000

73.109435,188.482390,0.500000

71.886850,185.568880,0.500000

70.813400,182.577990,0.500000

69.893830,179.517335,0.500000

69.132500,176.394850,0.500000

68.533370,173.218700,0.500000

68.099990,169.997315,0.500000

67.835450,166.739350,0.500000

67.742385,163.453660,0.500000

67.822985,160.149250,0.500000

68.078965,156.835310,0.500000

68.511535,153.521150,0.500000

69.121430,150.216170,0.500000

69.908860,146.929870,0.500000

70.873565,143.671770,0.500000

72.014740,140.451450,0.500000

73.331085,137.278425,0.500000

74.820770,134.162230,0.500000

76.481475,131.112320,0.500000

78.310300,128.138060,0.500000

80.303910,125.248720,0.500000

82.458435,122.453370,0.500000

84.769470,119.760970,0.500000

87.232160,117.180235,0.500000

89.841140,114.719665,0.500000

92.590590,112.387525,0.500000

95.474215,110.191770,0.500000

98.485230,108.140060,0.500000

101.616515,106.239730,0.500000

104.860430,104.497740,0.500000

108.208985,102.920685,0.500000

111.653800,101.514750,0.500000

115.186150,100.285700,0.500000

118.796965,99.238850,0.500000

122.476800,98.379030,0.500000

126.216000,97.710630,0.500000

130.004580,97.237490,0.500000

133.832365,96.962965,0.500000

137.688935,96.889860,0.500000

141.563700,97.020450,0.500000

145.445850,97.356415,0.500000

149.324525,97.898925,0.500000

153.188780,98.648530,0.500000

157.027500,99.605200,0.500000

160.829600,100.768280,0.500000

164.583985,102.136625,0.500000

168.279600,103.708400,0.500000

171.905425,105.481200,0.500000

175.450530,107.452040,0.500000

178.904085,109.617310,0.500000

182.255500,111.972825,0.500000

185.494250,114.513825,0.500000

188.610150,117.234985,0.500000

191.593170,120.130400,0.500000

194.433625,123.193600,0.500000

197.122100,126.417600,0.500000

199.649550,129.794890,0.500000

202.007300,133.317415,0.500000

204.187000,136.976685,0.500000

206.180900,140.763720,0.500000

207.981500,144.669065,0.500000

209.581900,148.682860,0.500000

210.975700,152.794860,0.500000

212.156980,156.994415,0.500000

213.120350,161.270540,0.500000

213.861100,165.611925,0.500000

214.375000,170.006975,0.500000

214.658450,174.443830,0.500000

214.708500,178.910415,0.500000

214.522765,183.394425,0.500000

214.099600,187.883425,0.500000

213.438000,192.364820,0.500000

212.537500,196.825960,0.500000

211.398500,201.254100,0.500000

210.021900,205.636490,0.500000

208.409500,209.960390,0.500000

208.409500,220.016325,1.000000

208.716650,220.195985,1.000000

209.056520,220.731020,1.000000

209.460815,221.610170,1.000000

209.959450,222.814700,1.000000

210.579600,224.318950,1.000000

211.344750,226.090975,1.000000

212.274350,228.093150,1.000000

213.382720,230.282850,1.000000

214.678925,232.613525,1.000000

216.166200,235.035700,1.000000

217.841750,237.497835,1.000000

219.696750,239.947570,1.000000

221.716300,242.332825,1.000000

223.879820,244.602750,1.000000

226.161070,246.708985,1.000000

228.529050,248.606500,1.000000

230.948400,250.254580,1.000000

233.380100,251.617675,1.000000

235.782470,252.666050,1.000000

238.111970,253.376400,1.000000

240.324220,253.732330,1.000000

242.375050,253.724550,1.000000

244.221350,253.351050,1.000000

245.822265,252.617065,1.000000

247.140200,251.534975,1.000000

248.141500,250.123720,1.000000

248.797575,248.408570,1.000000

249.085450,246.420400,1.000000

248.988600,244.195000,1.000000

248.497130,241.772035,1.000000

247.608550,239.194400,1.000000

246.327650,236.507100,1.000000

244.666700,233.756300,1.000000

242.645325,230.988100,1.000000

240.290220,228.247835,1.000000

237.634700,225.578750,1.000000

234.718250,223.021180,1.000000

231.585650,220.611815,1.000000

228.286250,218.382830,1.000000

224.873000,216.361070,1.000000

221.401430,214.567780,1.000000

217.928770,213.018035,1.000000

214.512400,211.720580,1.000000

211.209165,210.677650,1.000000

208.074050,209.885085,1.000000

205.158950,209.332550,1.000000

202.511900,209.003815,1.000000

200.176000,208.877290,1.000000

198.188550,208.926635,1.000000

196.580230,209.121500,1.000000

195.374700,209.428315,1.000000

194.587900,209.811140,1.000000

194.227850,210.232740,1.000000

194.294615,210.655440,1.000000

194.780120,211.042130,1.000000

195.668520,211.357285,1.000000

196.936450,211.567850,1.000000

198.553550,211.644135,1.000000

200.483150,211.560560,1.000000

202.682920,211.296400,1.000000

205.106020,210.836365,1.000000

207.701780,210.170960,1.000000

210.417000,209.296890,1.000000

213.196850,208.217200,1.000000

215.986150,206.941175,1.000000

218.730470,205.484360,1.000000

221.377050,203.868150,1.000000

223.876150,202.119350,1.000000

226.181900,200.269685,1.000000

228.253050,198.354965,1.000000

230.053950,196.414450,1.000000

231.555200,194.489775,1.000000

232.734050,192.624160,1.000000

233.574770,190.861280,1.000000

234.069100,189.244310,1.000000

234.215880,187.814835,1.000000

234.021400,186.611875,1.000000

233.498720,185.670975,1.000000

232.667570,185.023200,1.000000

231.553600,184.694365,1.000000

230.187775,184.704470,1.000000

228.605600,185.066940,1.000000

226.846130,185.788285,1.000000

224.951100,186.867850,1.000000

222.964020,188.297575,1.000000

220.928900,190.062200,1.000000

218.889400,192.139280,1.000000

216.887750,194.499635,1.000000

214.963930,197.107835,1.000000

213.154550,199.922865,1.000000

211.492065,202.898835,1.000000

210.004300,205.985900,1.000000

208.713625,209.131240,1.000000

207.636650,212.280120,1.000000

206.783720,215.376890,1.000000

206.159000,218.366240,1.000000

205.760250,221.194250,1.000000

205.579130,223.809450,1.000000

205.601400,226.164000,1.000000

205.807375,228.214480,1.000000

206.172450,229.923035,1.000000

206.667850,231.257950,1.000000

207.261300,232.194400,1.000000

207.918030,232.714900,1.000000

208.601530,232.809750,1.000000

209.274650,232.477175,1.000000

209.900500,231.723450,1.000000

210.443420,230.562620,1.000000

210.869875,229.016300,1.000000

211.149550,227.113300,1.000000

211.255850,224.888900,1.000000

211.166870,222.384100,1.000000

210.865900,219.644950,1.000000

210.341980,216.721435,1.000000

209.590150,213.666520,1.000000

208.611750,210.535050,1.000000

207.414430,207.382660,1.000000

206.012050,204.264620,1.000000

204.424550,201.234725,1.000000

202.677370,198.344250,1.000000

200.800950,195.640915,1.000000

198.830350,193.168000,1.000000

196.804050,190.963470,1.000000

194.763365,189.059310,1.000000

192.751525,187.480970,1.000000

190.812530,186.246935,1.000000

188.990175,185.368410,1.000000

187.327120,184.849290,1.000000

185.863700,184.686200,1.000000

184.637150,184.868700,1.000000

183.680480,185.379610,1.000000

183.021800,186.195620,1.000000

182.683470,187.287825,1.000000

182.681650,188.622590,1.000000

183.025500,190.162275,1.000000

183.717300,191.866320,1.000000

184.751770,193.692080,1.000000

186.116575,195.596000,1.000000

187.791930,197.534515,1.000000

189.751375,199.465165,1.000000

191.961850,201.347520,1.000000

194.384520,203.144150,1.000000

196.975435,204.821440,1.000000

199.686400,206.350325,1.000000

202.465880,207.706970,1.000000

205.260070,208.873215,1.000000

208.013915,209.836990,1.000000

210.672350,210.592485,1.000000

213.181275,211.140215,1.000000

215.488770,211.486970,1.000000

217.546150,211.645540,1.000000

219.309020,211.634340,1.000000

220.738130,211.476850,1.000000

221.800230,211.201065,1.000000

222.468800,210.838650,1.000000

222.724600,210.424180,1.000000

222.556185,209.994170,1.000000

221.959900,209.586135,1.000000

220.940370,209.237650,1.000000

219.510000,208.985335,1.000000

217.689150,208.863920,1.000000

215.505450,208.905250,1.000000

212.993400,209.137550,1.000000

210.193600,209.584565,1.000000

207.152000,210.264940,1.000000

203.918975,211.191650,1.000000

200.548280,212.371615,1.000000

197.095980,213.805420,1.000000

193.619450,215.487165,1.000000

190.176050,217.404550,1.000000

186.822200,219.539000,1.000000

183.612100,221.866050,1.000000

180.596800,224.355800,1.000000

177.823180,226.973500,1.000000

175.333200,229.680300,1.000000

173.162850,232.434020,1.000000

171.341800,235.190275,1.000000

169.892820,237.903100,1.000000

168.831480,240.526250,1.000000

168.165800,243.014070,1.000000

167.896425,245.322700,1.000000

168.016725,247.410830,1.000000

168.513000,249.240850,1.000000

169.365000,250.779750,1.000000

170.546500,251.999700,1.000000

172.026000,252.878850,1.000000

173.767515,253.401915,1.000000

175.731400,253.560550,1.000000

177.875520,253.353550,1.000000

180.155975,252.787020,1.000000

182.528320,251.874270,1.000000

184.948515,250.635620,1.000000

187.373950,249.098085,1.000000

189.764300,247.294750,1.000000

192.082520,245.264150,1.000000

194.295600,243.049550,1.000000

196.375050,240.698000,1.000000

198.297850,238.259400,1.000000

200.046500,235.785450,1.000000

201.609500,233.328520,1.000000

202.981325,230.940650,1.000000

204.162720,228.672400,1.000000

205.160100,226.571775,1.000000

205.985535,224.683230,1.000000

206.656370,223.046700,1.000000

207.194275,221.696715,1.000000

207.625000,220.661925,1.000000

207.977325,219.964020,1.000000

208.282250,219.617700,1.000000

242.000000,360.000000,0.500000

242.138250,360.224730,0.500000

242.250550,360.478350,0.500000

242.332450,360.757875,0.500000

242.379800,361.059550,0.500000

242.388800,361.379180,0.500000

242.356250,361.711900,0.500000

242.279600,362.052550,0.500000

242.156830,362.395415,0.500000

241.986700,362.734465,0.500000

241.768750,363.063570,0.500000

241.503250,363.376300,0.500000

241.191250,363.666320,0.500000

240.834780,363.927275,0.500000

240.436500,364.152950,0.500000

240.000000,364.337500,0.500000

239.529600,364.475350,0.500000

239.030450,364.561430,0.500000

238.508250,364.591215,0.500000

237.969350,364.560885,0.500000

237.420850,364.467250,0.500000

236.870050,364.308000,0.500000

236.324800,364.081725,0.500000

235.793180,363.787850,0.500000

235.283450,363.426800,0.500000

234.803835,363.000000,0.500000

234.362670,362.509920,0.500000

233.967925,361.959930,0.500000

233.627380,361.354550,0.500000

233.348330,360.699125,0.500000

233.137500,360.000000,0.500000

233.001050,359.264400,0.500000

232.944275,358.500275,0.500000

232.971680,357.716370,0.500000

233.086730,356.922030,0.500000

233.291900,356.127100,0.500000

233.588530,355.341825,0.500000

233.976800,354.576720,0.500000

234.455700,353.842450,0.500000

235.022920,353.149650,0.500000

235.675000,352.508880,0.500000

236.407150,351.930350,0.500000

237.213450,351.423850,0.500000

238.086670,350.998600,0.500000

239.018615,350.663100,0.500000

239.999970,350.425000,0.500000

241.020450,350.291000,0.500000

242.068850,350.266600,0.500000

243.133425,350.356250,0.500000

244.201550,350.563050,0.500000

245.260375,350.888670,0.500000

246.296630,351.333375,0.500000

247.296850,351.895965,0.500000

248.247620,352.573730,0.500000

249.135800,353.362400,0.500000

249.948425,354.256225,0.500000

250.673220,355.247925,0.500000

251.298525,356.328825,0.500000

251.813570,357.488900,0.500000

252.208600,358.716765,0.500000

252.475000,359.999950,0.500000

252.605600,361.324830,0.500000

252.594480,362.676970,0.500000

252.437470,364.041100,0.500000

252.131900,365.401400,0.500000

251.676950,366.741600,0.500000

251.073450,368.045250,0.500000

250.324200,369.295850,0.500000

249.433700,370.477050,0.500000

248.408325,371.572950,0.500000

247.256315,372.568150,0.500000

245.987580,373.448120,0.500000

244.613700,374.199250,0.500000

243.147900,374.809150,0.500000

241.604675,375.266725,0.500000

240.000100,375.562500,0.500000

238.351165,375.688600,0.500000

236.675935,375.638975,0.500000

234.993225,375.409515,0.500000

233.322500,374.998170,0.500000

231.683400,374.404950,0.500000

230.095900,373.632000,0.500000

228.579650,372.683700,0.500000

227.154175,371.566530,0.500000

225.838200,370.289250,0.500000

224.649720,368.862550,0.500000

223.605680,367.299300,0.500000

222.721680,365.614100,0.500000

222.011870,363.823550,0.500000

221.488650,361.945680,0.500000

221.162500,360.000030,0.500000

221.041930,358.007450,0.500000

221.133150,355.989750,0.500000

221.440125,353.969550,0.500000

221.964325,351.970000,0.500000

222.704750,350.014600,0.500000

223.657850,348.126750,0.500000

224.817565,346.329650,0.500000

226.175230,344.646000,0.500000

227.719725,343.097600,0.500000

229.437530,341.705200,0.500000

231.312800,340.488150,0.500000

233.327600,339.464300,0.500000

235.461850,338.649475,0.500000

237.693815,338.057525,0.500000

240.000050,337.699980,0.500000

242.355900,337.585970,0.500000

244.735475,337.721900,0.500000

247.112120,338.111450,0.500000

249.458770,338.755550,0.500000

251.748050,339.652070,0.500000

253.952665,340.796020,0.500000

256.045870,342.179475,0.500000

258.001550,343.791535,0.500000

259.794750,345.618500,0.500000

261.401735,347.643900,0.500000

262.800650,349.848700,0.500000

263.971450,352.211425,0.500000

264.896350,354.708350,0.500000

265.560050,357.313750,0.500000

265.950000,360.000250,0.500000

266.056450,362.738900,0.500000

265.872770,365.499700,0.500000

265.395500,368.251770,0.500000

264.624500,370.963850,0.500000

263.562950,373.604430,0.500000

262.217470,376.142300,0.500000

260.597900,378.546875,0.500000

258.717550,380.788450,0.500000

256.592900,382.838750,0.500000

254.243450,384.671080,0.500000

251.691650,386.260775,0.500000

248.962675,387.585500,0.500000

246.084165,388.625580,0.500000

243.085875,389.364150,0.500000

239.999575,389.787500,0.500000

236.858450,389.885350,0.500000

233.697050,389.650820,0.500000

230.550600,389.080780,0.500000

227.454775,388.175850,0.500000

224.445375,386.940370,0.500000

221.557800,385.382600,0.500000

218.826630,383.514620,0.500000

216.285280,381.352100,0.500000

213.965500,378.914450,0.500000

211.897200,376.224500,0.500000

210.107800,373.308230,0.500000

208.622070,370.194670,0.500000

207.461800,366.915550,0.500000

206.645325,363.505065,0.500000

206.187500,359.999330,0.500000

206.099300,356.436220,0.500000

206.387725,352.854765,0.500000

207.055600,349.294985,0.500000

208.101550,345.797150,0.500000

209.519850,342.401520,0.500000

211.300475,339.147800,0.500000

213.429250,336.074770,0.500000

215.887750,333.219750,0.500000

218.653550,330.618150,0.500000

221.700500,328.303150,0.500000

224.998720,326.305175,0.500000

228.515150,324.651430,0.500000

232.213685,323.365800,0.500000

236.055800,322.468350,0.500000

240.000500,321.975000,0.500000

244.005220,321.897430,0.500000

248.026000,322.242765,0.500000

252.018065,323.013550,0.500000

255.936300,324.207450,0.500000

259.735750,325.817450,0.500000

263.372100,327.831650,0.500000

266.802275,330.233550,0.500000

269.984850,333.001925,0.500000

272.880650,336.111175,0.500000

275.453050,339.531500,0.500000

277.668650,343.229125,0.500000

279.497450,347.166750,0.500000

280.913500,351.303770,0.500000

281.895080,355.596830,0.500000

282.425000,360.000150,0.500000

282.666450,362.236250,0.500000

282.790100,364.497650,0.500000

282.794050,366.778170,0.500000

282.676500,369.071470,0.500000

282.436280,371.371100,0.500000

282.072265,373.670470,0.500000

281.583850,375.962950,0.500000

280.970825,378.241820,0.500000

280.233215,380.500350,0.500000

279.371450,382.731650,0.500000

278.386385,384.929015,0.500000

277.279175,387.085570,0.500000

276.051450,389.194600,0.500000

274.705080,391.249420,0.500000

273.242400,393.243315,0.500000

271.666100,395.169800,0.500000

269.979220,397.022400,0.500000

268.185180,398.794830,0.500000

266.287720,400.480950,0.500000

264.290950,402.074830,0.500000

262.199370,403.570620,0.500000

260.017730,404.962800,0.500000

257.751200,406.246035,0.500000

255.405100,407.415220,0.500000

252.985250,408.465600,0.500000

250.497620,409.392600,0.500000

247.948515,410.192015,0.500000

245.344450,410.860000,0.500000

242.692200,411.392885,0.500000

239.998780,411.787500,0.500000

237.271350,412.041015,0.500000

234.517400,412.150950,0.500000

231.744400,412.115175,0.500000

228.960085,411.932000,0.500000

226.172300,411.600200,0.500000

223.388915,411.118850,0.500000

220.618050,410.487500,0.500000

217.867675,409.706150,0.500000

215.146000,408.775200,0.500000

212.461050,407.695525,0.500000

209.821050,406.468400,0.500000

207.233950,405.095600,0.500000

204.707900,403.579285,0.500000

202.250730,401.922050,0.500000

199.870350,400.126985,0.500000

197.574400,398.197550,0.500000

195.370485,396.137700,0.500000

193.265930,393.951780,0.500000

191.267885,391.644500,0.500000

189.383350,389.221070,0.500000

187.618950,386.687000,0.500000

185.981150,384.048280,0.500000

184.476000,381.311200,0.500000

183.109450,378.482400,0.500000

181.886850,375.568880,0.500000

180.813415,372.577970,0.500000

179.893830,369.517335,0.500000

179.132500,366.394850,0.500000

178.533400,363.218700,0.500000

178.099975,359.997300,0.500000

177.835450,356.739350,0.500000

177.742370,353.453650,0.500000

177.823000,350.149230,0.500000

178.078980,346.835300,0.500000

178.511550,343.521150,0.500000

179.121430,340.216200,0.500000

179.908875,336.929870,0.500000

180.873565,333.671785,0.500000

182.014750,330.451450,0.500000

183.331100,327.278400,0.500000

184.820770,324.162230,0.500000

186.481475,321.112350,0.500000

188.310300,318.138050,0.500000

190.303900,315.248720,0.500000

192.458450,312.453370,0.500000

194.769470,309.761000,0.500000

197.232180,307.180250,0.500000

199.841125,304.719665,0.500000

202.590575,302.387550,0.500000

205.474200,300.191770,0.500000

208.485230,298.140075,0.500000

211.616515,296.239750,0.500000

214.860400,294.497750,0.500000

218.208985,292.920700,0.500000

221.653800,291.514770,0.500000

225.186150,290.285700,0.500000

228.796965,289.238830,0.500000

232.476800,288.379030,0.500000

236.216000,287.710630,0.500000

240.004580,287.237500,0.500000

243.832365,286.962950,0.500000

247.688935,286.889850,0.500000

251.563700,287.020450,0.500000

255.445850,287.356400,0.500000

259.324550,287.898925,0.500000

263.188780,288.648530,0.500000

267.027500,289.605200,0.500000

270.829600,290.768280,0.500000

274.584000,292.136625,0.500000

278.279600,293.708400,0.500000

281.905425,295.481200,0.500000

285.450530,297.452050,0.500000

288.904085,299.617300,0.500000

292.255500,301.972850,0.500000

295.494250,304.513825,0.500000

298.610150,307.235000,0.500000

301.593170,310.130400,0.500000

304.433625,313.193600,0.500000

307.122100,316.417600,0.500000

309.649550,319.794900,0.500000

312.007300,323.317400,0.500000

314.187000,326.976685,0.500000

316.180900,330.763735,0.500000

317.981500,334.669065,0.500000

319.581900,338.682850,0.500000

320.975700,342.794850,0.500000

322.156980,346.994415,0.500000

323.120350,351.270550,0.500000

323.861100,355.611950,0.500000

324.375000,360.007000,0.500000

324.658450,364.443850,0.500000

324.708500,368.910430,0.500000

324.522765,373.394450,0.500000

324.099600,377.883425,0.500000

323.438000,382.364850,0.500000

322.537500,386.825950,0.500000

321.398500,391.254120,0.500000

320.021900,395.636500,0.500000

318.409500,399.960400,0.500000

316.563550,404.213075,0.500000

314.487050,408.382000,0.500000

312.183850,412.454620,0.500000

309.658200,416.418650,0.500000

306.915285,420.261930,0.500000

303.960725,423.972550,0.500000

300.800950,427.538970,0.500000

297.442950,430.949770,0.500000

293.894380,434.193970,0.500000

290.163420,437.261015,0.500000

286.258970,440.140650,0.500000

282.190430,442.823120,0.500000

277.967700,445.299135,0.500000

273.601250,447.559900,0.500000

269.102100,449.597170,0.500000

264.481700,451.403170,0.500000

259.751850,452.970825,0.500000

254.924925,454.293650,0.500000

250.013600,455.365725,0.500000

245.030885,456.181850,0.500000

245.030885,466.237800,1.000000

245.338000,466.417420,1.000000

245.677900,466.952500,1.000000

246.082185,467.831635,1.000000

246.580800,469.036135,1.000000

247.200950,470.540400,1.000000

247.966125,472.312450,1.000000

248.895720,474.314600,1.000000

250.004100,476.504250,1.000000

251.300300,478.834950,1.000000

252.787565,481.257200,1.000000

254.463150,483.719300,1.000000

256.318100,486.169050,1.000000

258.337700,488.554250,1.000000

260.501200,490.824200,1.000000

262.782470,492.930400,1.000000

265.150450,494.828000,1.000000

267.569750,496.476050,1.000000

270.001450,497.839100,1.000000

272.403850,498.887500,1.000000

274.733370,499.597900,1.000000

276.945620,499.953800,1.000000

278.996430,499.946050,1.000000

280.842700,499.572500,1.000000

282.443650,498.838550,1.000000

283.761600,497.756500,1.000000

284.762880,496.345200,1.000000

285.418950,494.630050,1.000000

285.706850,492.641900,1.000000

285.609950,490.416450,1.000000

285.118530,487.993450,1.000000

284.229920,485.415850,1.000000

282.949050,482.728600,1.000000

281.288100,479.977800,1.000000

279.266725,477.209600,1.000000

276.911620,474.469300,1.000000

274.256100,471.800170,1.000000

271.339650,469.242650,1.000000

268.207050,466.833300,1.000000

264.907625,464.604280,1.000000

261.494350,462.582550,1.000000

258.022825,460.789250,1.000000

254.550150,459.239500,1.000000

251.133800,457.942050,1.000000

247.830565,456.899100,1.000000

244.695400,456.106565,1.000000

241.780300,455.554015,1.000000

239.133270,455.225280,1.000000

236.797350,455.098750,1.000000

234.809950,455.148100,1.000000

233.201600,455.343000,1.000000

231.996050,455.649780,1.000000

231.209250,456.032625,1.000000

230.849200,456.454225,1.000000

230.916000,456.876900,1.000000

231.401500,457.263600,1.000000

232.289915,457.578765,1.000000

233.557850,457.789350,1.000000

235.174925,457.865600,1.000000

237.104525,457.782000,1.000000

239.304320,457.517885,1.000000

241.727415,457.057830,1.000000

244.323180,456.392425,1.000000

247.038400,455.518370,1.000000

249.818250,454.438650,1.000000

252.607550,453.162630,1.000000

255.351850,451.705850,1.000000

257.998450,450.089600,1.000000

260.497550,448.340820,1.000000

262.803285,446.491150,1.000000

264.874420,444.576450,1.000000

266.675325,442.635925,1.000000

268.176575,440.711250,1.000000

269.355400,438.845650,1.000000

270.196165,437.082750,1.000000

270.690450,435.465750,1.000000

270.837280,434.036300,1.000000

270.642750,432.833350,1.000000

270.120100,431.892450,1.000000

269.288950,431.244650,1.000000

268.175000,430.915835,1.000000

266.809175,430.925935,1.000000

265.227000,431.288400,1.000000

263.467500,432.009765,1.000000

261.572500,433.089300,1.000000

259.585420,434.519050,1.000000

257.550250,436.283650,1.000000

255.510775,438.360750,1.000000

253.509150,440.721100,1.000000

251.585325,443.329300,1.000000

249.775900,446.144350,1.000000

248.113435,449.120300,1.000000

246.625670,452.207365,1.000000

245.335020,455.352720,1.000000

244.258025,458.501600,1.000000

243.405100,461.598350,1.000000

242.780350,464.587700,1.000000

242.381620,467.415700,1.000000

242.200500,470.030900,1.000000

242.222780,472.385450,1.000000

242.428770,474.435950,1.000000

242.793825,476.144550,1.000000

243.289250,477.479450,1.000000

243.882700,478.415900,1.000000

244.539400,478.936400,1.000000

245.222900,479.031200,1.000000

245.896050,478.698600,1.000000

246.521900,477.944950,1.000000

247.064800,476.784050,1.000000

247.491270,475.237800,1.000000

247.770950,473.334780,1.000000

247.877230,471.110350,1.000000

247.788270,468.605550,1.000000

247.487300,465.866425,1.000000

246.963380,462.942900,1.000000

246.211550,459.887970,1.000000

245.233125,456.756530,1.000000

244.035800,453.604125,1.000000

242.633425,450.486085,1.000000

241.045930,447.456175,1.000000

239.298750,444.565700,1.000000

237.422350,441.862365,1.000000

235.451720,439.389465,1.000000

233.425400,437.184950,1.000000

231.384765,435.280750,1.000000

229.372925,433.702450,1.000000

227.433900,432.468385,1.000000

225.611570,431.589875,1.000000

223.948500,431.070770,1.000000

222.485100,430.907685,1.000000

221.258550,431.090150,1.000000

220.301880,431.601075,1.000000

219.643200,432.417085,1.000000

219.304870,433.509300,1.000000

219.303000,434.844050,1.000000

219.646880,436.383730,1.000000

220.338650,438.087770,1.000000

221.373170,439.913550,1.000000

222.737950,441.817475,1.000000

224.413330,443.755980,1.000000

226.372750,445.686600,1.000000

228.583220,447.569000,1.000000

231.005900,449.365630,1.000000

233.596800,451.042900,1.000000

236.307800,452.571775,1.000000

239.087280,453.928450,1.000000

241.881470,455.094700,1.000000

244.635300,456.058470,1.000000

247.293730,456.813935,1.000000

249.802675,457.361700,1.000000

252.110170,457.708450,1.000000

254.167550,457.867000,1.000000

255.930420,457.855800,1.000000

257.359530,457.698300,1.000000

258.421600,457.422550,1.000000

259.090180,457.060120,1.000000

259.346000,456.645650,1.000000

259.177550,456.215650,1.000000

258.581300,455.807600,1.000000

257.561750,455.459100,1.000000

256.131380,455.206820,1.000000

254.310550,455.085400,1.000000

252.126830,455.126700,1.000000

249.614800,455.359000,1.000000

246.815000,455.806030,1.000000

243.773375,456.486400,1.000000

240.540350,457.413115,1.000000

237.169650,458.593080,1.000000

233.717350,460.026900,1.000000

230.240800,461.708650,1.000000

226.797425,463.626000,1.000000

223.443575,465.760470,1.000000

220.233450,468.087525,1.000000

217.218170,470.577270,1.000000

214.444580,473.194950,1.000000

211.954550,475.901750,1.000000

209.784200,478.655500,1.000000

207.963200,481.411750,1.000000

206.514220,484.124550,1.000000

205.452880,486.747700,1.000000

204.787170,489.235550,1.000000

204.517820,491.544150,1.000000

204.638100,493.632250,1.000000

205.134370,495.462350,1.000000

205.986350,497.001200,1.000000

207.167875,498.221200,1.000000

208.647400,499.100350,1.000000

210.388900,499.623400,1.000000

212.352785,499.782000,1.000000

214.496900,499.575000,1.000000

216.777350,499.008500,1.000000

219.149720,498.095700,1.000000

221.569900,496.857050,1.000000

223.995330,495.319600,1.000000

226.385680,493.516250,1.000000

228.703920,491.485600,1.000000

230.916950,489.271000,1.000000

232.996450,486.919500,1.000000

234.919250,484.480900,1.000000

236.667900,482.006950,1.000000

238.230865,479.550000,1.000000

239.602720,477.162100,1.000000

240.784100,474.893850,1.000000

241.781450,472.793250,1.000000

242.606935,470.904650,1.000000

243.277750,469.268125,1.000000

243.815675,467.918200,1.000000

244.246400,466.883400,1.000000

244.598700,466.185500,1.000000

244.903625,465.839170,1.000000

364.000000,154.000000,0.500000

364.138200,154.224730,0.500000

364.250550,154.478365,0.500000

364.332450,154.757860,0.500000

364.379750,155.059550,0.500000

364.388800,155.379165,0.500000

364.356250,155.711930,0.500000

364.279600,156.052550,0.500000

364.156850,156.395400,0.500000

363.986700,156.734480,0.500000

363.768750,157.063570,0.500000

363.503250,157.376310,0.500000

363.191300,157.666320,0.500000

362.834800,157.927260,0.500000

362.436500,158.152950,0.500000

362.000000,158.337500,0.500000

361.529635,158.475340,0.500000

361.030425,158.561430,0.500000

360.508200,158.591230,0.500000

359.969350,158.560885,0.500000

359.420850,158.467250,0.500000

358.870050,158.308015,0.500000

358.324800,158.081725,0.500000

357.793180,157.787840,0.500000

357.283450,157.426790,0.500000

356.803850,157.000000,0.500000

356.362670,156.509900,0.500000

355.967925,155.959950,0.500000

355.627380,155.354550,0.500000

355.348300,154.699125,0.500000

355.137500,154.000000,0.500000

355.001050,153.264390,0.500000

354.944300,152.500275,0.500000

354.971680,151.716370,0.500000

355.086730,150.922030,0.500000

355.291900,150.127090,0.500000

355.588530,149.341810,0.500000

355.976800,148.576700,0.500000

356.455700,147.842440,0.500000

357.022920,147.149660,0.500000

357.675000,146.508900,0.500000

358.407150,145.930360,0.500000

359.213400,145.423860,0.500000

360.086670,144.998600,0.500000

361.018615,144.663100,0.500000

361.999970,144.425000,0.500000

363.020400,144.290985,0.500000

364.068850,144.266615,0.500000

365.133400,144.356275,0.500000

366.201550,144.563065,0.500000

367.260400,144.888670,0.500000

368.296650,145.333390,0.500000

369.296900,145.895980,0.500000

370.247700,146.573730,0.500000

371.135800,147.362400,0.500000

371.948500,148.256210,0.500000

372.673200,149.247910,0.500000

373.298500,150.328825,0.500000

373.813600,151.488890,0.500000

374.208600,152.716765,0.500000

374.475000,153.999940,0.500000

374.605600,155.324850,0.500000

374.594500,156.676970,0.500000

374.437500,158.041100,0.500000

374.131900,159.401400,0.500000

373.676950,160.741610,0.500000

373.073500,162.045250,0.500000

372.324200,163.295835,0.500000

371.433700,164.477050,0.500000

370.408350,165.572935,0.500000

369.256350,166.568150,0.500000

367.987550,167.448120,0.500000

366.613700,168.199250,0.500000

365.147900,168.809150,0.500000

363.604750,169.266725,0.500000

362.000100,169.562500,0.500000

360.351165,169.688600,0.500000

358.675935,169.638975,0.500000

356.993250,169.409530,0.500000

355.322480,168.998170,0.500000

353.683400,168.404940,0.500000

352.095900,167.631990,0.500000

350.579680,166.683685,0.500000

349.154175,165.566550,0.500000

347.838200,164.289250,0.500000

346.649720,162.862565,0.500000

345.605680,161.299285,0.500000

344.721700,159.614120,0.500000

344.011870,157.823550,0.500000

343.488650,155.945665,0.500000

343.162500,154.000030,0.500000

343.041930,152.007460,0.500000

343.133150,149.989750,0.500000

343.440125,147.969550,0.500000

343.964325,145.970000,0.500000

344.704750,144.014585,0.500000

345.657865,142.126740,0.500000

346.817565,140.329650,0.500000

348.175230,138.646000,0.500000

349.719725,137.097600,0.500000

351.437530,135.705200,0.500000

353.312850,134.488175,0.500000

355.327600,133.464300,0.500000

357.461850,132.649475,0.500000

359.693815,132.057525,0.500000

362.000100,131.700000,0.500000

364.355900,131.585970,0.500000

366.735500,131.721900,0.500000

369.112100,132.111465,0.500000

371.458750,132.755540,0.500000

373.748050,133.652070,0.500000

375.952650,134.796035,0.500000

378.045900,136.179475,0.500000

380.001600,137.791535,0.500000

381.794750,139.618500,0.500000

383.401750,141.643900,0.500000

384.800650,143.848700,0.500000

385.971450,146.211410,0.500000

386.896350,148.708330,0.500000

387.560050,151.313750,0.500000

387.950000,154.000230,0.500000

388.056450,156.738890,0.500000

387.872800,159.499700,0.500000

387.395500,162.251785,0.500000

386.624500,164.963835,0.500000

385.563000,167.604415,0.500000

384.217450,170.142300,0.500000

382.597900,172.546875,0.500000

380.717500,174.788465,0.500000

378.592900,176.838760,0.500000

376.243400,178.671080,0.500000

373.691650,180.260775,0.500000

370.962650,181.585510,0.500000

368.084100,182.625580,0.500000

365.085900,183.364135,0.500000

361.999575,183.787500,0.500000

358.858500,183.885350,0.500000

355.697050,183.650820,0.500000

352.550600,183.080800,0.500000

349.454775,182.175825,0.500000

346.445400,180.940350,0.500000

343.557830,179.382600,0.500000

340.826630,177.514600,0.500000

338.285250,175.352110,0.500000

335.965485,172.914475,0.500000

333.897200,170.224500,0.500000

332.107800,167.308210,0.500000

330.622070,164.194650,0.500000

329.461800,160.915560,0.500000

328.645325,157.505065,0.500000

328.187500,153.999330,0.500000

328.099300,150.436200,0.500000

328.387725,146.854765,0.500000

329.055600,143.295000,0.500000

330.101530,139.797150,0.500000

331.519850,136.401500,0.500000

333.300500,133.147800,0.500000

335.429250,130.074770,0.500000

337.887750,127.219740,0.500000

340.653600,124.618165,0.500000

343.700500,122.303175,0.500000

346.998720,120.305160,0.500000

350.515150,118.651430,0.500000

354.213685,117.365815,0.500000

358.055750,116.468340,0.500000

362.000500,115.974990,0.500000

366.005250,115.897430,0.500000

370.026000,116.242765,0.500000

374.018050,117.013535,0.500000

377.936300,118.207460,0.500000

381.735700,119.817450,0.500000

385.372050,121.831665,0.500000

388.802250,124.233550,0.500000

391.984850,127.001925,0.500000

394.880600,130.111175,0.500000

397.453050,133.531500,0.500000

399.668650,137.229125,0.500000

401.497450,141.166750,0.500000

402.913500,145.303770,0.500000

403.895100,149.596830,0.500000

404.425000,154.000170,0.500000

404.666450,156.236250,0.500000

404.790100,158.497650,0.500000

404.794050,160.778170,0.500000

404.676500,163.071470,0.500000

404.436300,165.371100,0.500000

404.072250,167.670470,0.500000

403.583850,169.962950,0.500000

402.970850,172.241835,0.500000

402.233200,174.500335,0.500000

401.371450,176.731660,0.500000

400.386350,178.929015,0.500000

399.279150,181.085585,0.500000

398.051450,183.194625,0.500000

396.705100,185.249420,0.500000

395.242450,187.243315,0.500000

393.666150,189.169785,0.500000

391.979250,191.022385,0.500000

390.185200,192.794830,0.500000

388.287700,194.480950,0.500000

386.290950,196.074815,0.500000

384.199350,197.570620,0.500000

382.017700,198.962800,0.500000

379.751200,200.246035,0.500000

377.405150,201.415220,0.500000

374.985250,202.465590,0.500000

372.497700,203.392610,0.500000

369.948500,204.192030,0.500000

367.344500,204.859970,0.500000

364.692200,205.392870,0.500000

361.998780,205.787500,0.500000

359.271400,206.041015,0.500000

356.517400,206.150940,0.500000

353.744415,206.115175,0.500000

350.960085,205.932000,0.500000

348.172270,205.600190,0.500000

345.388915,205.118835,0.500000

342.618050,204.487490,0.500000

339.867675,203.706150,0.500000

337.146000,202.775190,0.500000

334.461050,201.695525,0.500000

331.821000,200.468415,0.500000

329.233950,199.095610,0.500000

326.707900,197.579270,0.500000

324.250730,195.922050,0.500000

321.870350,194.126970,0.500000

319.574400,192.197550,0.500000

317.370485,190.137700,0.500000

315.265930,187.951765,0.500000

313.267885,185.644500,0.500000

311.383350,183.221070,0.500000

309.618950,180.687010,0.500000

307.981150,178.048280,0.500000

306.476050,175.311190,0.500000

305.109450,172.482390,0.500000

303.886870,169.568880,0.500000

302.813415,166.577990,0.500000

301.893830,163.517335,0.500000

301.132500,160.394850,0.500000

300.533400,157.218700,0.500000

300.099975,153.997315,0.500000

299.835450,150.739350,0.500000

299.742370,147.453660,0.500000

299.823000,144.149250,0.500000

300.078980,140.835310,0.500000

300.511550,137.521150,0.500000

301.121430,134.216170,0.500000

301.908875,130.929870,0.500000

302.873565,127.671785,0.500000

304.014750,124.451450,0.500000

305.331100,121.278425,0.500000

306.820770,118.162230,0.500000

308.481475,115.112320,0.500000

310.310300,112.138060,0.500000

312.303925,109.248720,0.500000

314.458450,106.453370,0.500000

316.769470,103.760970,0.500000

319.232150,101.180235,0.500000

321.841150,98.719665,0.500000

324.590600,96.387525,0.500000

327.474200,94.191770,0.500000

330.485230,92.140060,0.500000

333.616515,90.239730,0.500000

336.860450,88.497740,0.500000

340.208985,86.920690,0.500000

343.653800,85.514755,0.500000

347.186150,84.285700,0.500000

350.796965,83.238845,0.500000

354.476800,82.379035,0.500000

358.216000,81.710625,0.500000

358.216000,91.766570,1.000000

358.523150,91.946200,1.000000

358.863000,92.481275,1.000000

359.267335,93.360415,1.000000

359.765950,94.564910,1.000000

360.386080,96.069185,1.000000

361.151275,97.841215,1.000000

362.080850,99.843370,1.000000

363.189200,102.033065,1.000000

364.485500,104.363770,1.000000

365.972700,106.785920,1.000000

367.648250,109.248060,1.000000

369.503300,111.697800,1.000000

371.522850,114.083040,1.000000

373.686350,116.352980,1.000000

375.967600,118.459230,1.000000

378.335550,120.356735,1.000000

380.754900,122.004820,1.000000

383.186650,123.367900,1.000000

385.589000,124.416275,1.000000

387.918450,125.126650,1.000000

390.130750,125.482560,1.000000

392.181600,125.474775,1.000000

394.027850,125.101290,1.000000

395.628800,124.367310,1.000000

396.946700,123.285200,1.000000

397.948000,121.873960,1.000000

398.604150,120.158815,1.000000

398.891950,118.170670,1.000000

398.795100,115.945220,1.000000

398.303650,113.522250,1.000000

397.415050,110.944610,1.000000

396.134150,108.257340,1.000000

394.473200,105.506530,1.000000

392.451850,102.738350,1.000000

390.096750,99.998060,1.000000

387.441300,97.328950,1.000000

384.524800,94.771410,1.000000

381.392200,92.362060,1.000000

378.092750,90.133065,1.000000

374.679500,88.111305,1.000000

371.208000,86.318015,1.000000

367.735300,84.768280,1.000000

364.318900,83.470810,1.000000

361.015700,82.427880,1.000000

357.880550,81.635330,1.000000

354.965425,81.082785,1.000000

352.318400,80.754050,1.000000

349.982500,80.627525,1.000000

347.995050,80.676880,1.000000

346.386750,80.871740,1.000000

345.181200,81.178545,1.000000

344.394380,81.561380,1.000000

344.034350,81.982985,1.000000

344.101150,82.405680,1.000000

344.586650,82.792365,1.000000

345.475065,83.107530,1.000000

346.742980,83.318090,1.000000

348.360075,83.394370,1.000000

350.289650,83.310800,1.000000

352.489450,83.046645,1.000000

354.912550,82.586600,1.000000

357.508300,81.921195,1.000000

360.223500,81.047135,1.000000

363.003400,79.967420,1.000000

365.792700,78.691405,1.000000

368.537000,77.234600,1.000000

371.183600,75.618385,1.000000

373.682700,73.869590,1.000000

375.988400,72.019920,1.000000

378.059550,70.105210,1.000000

379.860500,68.164680,1.000000

381.361700,66.240015,1.000000

382.540500,64.374400,1.000000

383.381350,62.611520,1.000000

383.875600,60.994535,1.000000

384.022400,59.565065,1.000000

383.827900,58.362120,1.000000

383.305250,57.421210,1.000000

382.474100,56.773420,1.000000

381.360100,56.444610,1.000000

379.994250,56.454710,1.000000

378.412100,56.817175,1.000000

376.652650,57.538520,1.000000

374.757650,58.618075,1.000000

372.770500,60.047815,1.000000

370.735400,61.812440,1.000000

368.695900,63.889510,1.000000

366.694350,66.249865,1.000000

364.770500,68.858080,1.000000

362.961050,71.673100,1.000000

361.298585,74.649070,1.000000

359.810820,77.736135,1.000000

358.520170,80.881485,1.000000

357.443175,84.030350,1.000000

356.590250,87.127130,1.000000

355.965500,90.116480,1.000000

355.566770,92.944475,1.000000

355.385650,95.559700,1.000000

355.407930,97.914215,1.000000

355.613900,99.964720,1.000000

355.978975,101.673280,1.000000

356.474350,103.008210,1.000000

357.067800,103.944640,1.000000

357.724550,104.465120,1.000000

358.408050,104.559965,1.000000

359.081175,104.227415,1.000000

359.707030,103.473680,1.000000

360.249950,102.312835,1.000000

360.676420,100.766540,1.000000

360.956050,98.863550,1.000000

361.062350,96.639130,1.000000

360.973400,94.134340,1.000000

360.672425,91.395185,1.000000

360.148500,88.471665,1.000000

359.396665,85.416755,1.000000

358.418250,82.285295,1.000000

357.220915,79.132905,1.000000

355.818575,76.014860,1.000000

354.231080,72.984960,1.000000

352.483850,70.094480,1.000000

350.607485,67.391150,1.000000

348.636870,64.918230,1.000000

346.610550,62.713700,1.000000

344.569900,60.809550,1.000000

342.558050,59.231215,1.000000

340.619050,57.997160,1.000000

338.796700,57.118635,1.000000

337.133650,56.599525,1.000000

335.670225,56.436450,1.000000

334.443650,56.618935,1.000000

333.487000,57.129850,1.000000

332.828350,57.945860,1.000000

332.490020,59.038070,1.000000

332.488150,60.372820,1.000000

332.832030,61.912515,1.000000

333.523775,63.616550,1.000000

334.558300,65.442320,1.000000

335.923100,67.346230,1.000000

337.598450,69.284750,1.000000

339.557900,71.215395,1.000000

341.768350,73.097755,1.000000

344.191050,74.894385,1.000000

346.781950,76.571670,1.000000

349.492920,78.100565,1.000000

352.272400,79.457205,1.000000

355.066600,80.623460,1.000000

357.820450,81.587225,1.000000

360.478880,82.342720,1.000000

362.987800,82.890450,1.000000

365.295300,83.237205,1.000000

367.352650,83.395780,1.000000

369.115550,83.384565,1.000000

370.544700,83.227090,1.000000

371.606750,82.951300,1.000000

372.275350,82.588900,1.000000

372.531150,82.174425,1.000000

372.362650,81.744400,1.000000

371.766400,81.336365,1.000000

370.746850,80.987885,1.000000

369.316500,80.735580,1.000000

367.495650,80.614150,1.000000

365.312000,80.655485,1.000000

362.799950,80.887785,1.000000

360.000120,81.334800,1.000000

356.958525,82.015175,1.000000

353.725500,82.941885,1.000000

350.354765,84.121855,1.000000

346.902500,85.555655,1.000000

343.425950,87.237405,1.000000

339.982575,89.154785,1.000000

336.628725,91.289250,1.000000

333.418600,93.616300,1.000000

330.403320,96.106035,1.000000

327.629730,98.723725,1.000000

325.139700,101.430510,1.000000

322.969330,104.184280,1.000000

321.148315,106.940520,1.000000

319.699370,109.653335,1.000000

318.638000,112.276475,1.000000

317.972320,114.764300,1.000000

317.702950,117.072900,1.000000

317.823250,119.161040,1.000000

318.319500,120.991100,1.000000

319.171500,122.530000,1.000000

320.353025,123.749925,1.000000

321.832520,124.629075,1.000000

323.574050,125.152160,1.000000

325.537935,125.310790,1.000000

327.682050,125.103790,1.000000

329.962500,124.537250,1.000000

332.334850,123.624500,1.000000

334.755050,122.385865,1.000000

337.180480,120.848330,1.000000

339.570830,119.044985,1.000000

341.889070,117.014390,1.000000

344.102100,114.799790,1.000000

346.181580,112.448240,1.000000

348.104370,110.009660,1.000000

349.853025,107.535675,1.000000

351.416000,105.078750,1.000000

352.787870,102.690885,1.000000

353.969200,100.422640,1.000000

354.966585,98.322000,1.000000

355.792085,96.433440,1.000000

356.462900,94.796900,1.000000

357.000800,93.446975,1.000000

357.431550,92.412150,1.000000

357.783850,91.714265,1.000000

358.088775,91.367935,1.000000

